
Rs =

    1.0101

 
STEADY-STATE RESULTS:
 
ly   		 0.00509623
lc   		 -0.26283
lk   		 2.24596
li   		 -1.44292
lh   		 -1.09861
ly_l 		 1.10371
lw   		 0.703231
Rk   		 -3.34953
z    		 0
 
EIGENVALUES:
         Modulus             Real        Imaginary

          0.9486           0.9486                0
            0.95             0.95                0
           1.065            1.065                0
             Inf              Inf                0
             Inf              Inf                0


There are 3 eigenvalue(s) larger than 1 in modulus 
for 3 forward-looking variable(s)
 
The rank condition is verified.
 
 
MODEL SUMMARY
 
  Number of variables:         9
  Number of stochastic shocks: 1
  Number of state variables:   2
  Number of jumpers:           3
  Number of static variables:  5


MATRIX OF COVARIANCE OF EXOGENOUS SHOCKS

Variables       e    
e            0.000100
 
POLICY AND TRANSITION FUNCTIONS
                                    ly              lc              lk              li              lh              ly_l            lw              Rk              z   
Constant                    0.005096       -0.262830        2.245959       -1.442920       -1.098612        1.103709        0.703231       -3.349525               0
lk(-1)                      0.162828        0.537093        0.948618       -1.055280       -0.249510        0.412338        0.412338       -0.837172               0
z(-1)                       1.397370        0.395795        0.116429        4.657166        0.667717        0.729653        0.729653        1.397370        0.950000
e                           1.470916        0.416626        0.122557        4.902280        0.702860        0.768056        0.768056        1.470916        1.000000


MOMENTS OF SIMULATED VARIABLES

VARIABLE      MEAN    STD. DEV.   VARIANCE   SKEWNESS   KURTOSIS 
ly          -0.015968   0.052377   0.002743   0.226590   0.335076
lc          -0.282616   0.037591   0.001413   0.251644   0.430646
lk           2.217885   0.050976   0.002599   0.213694   0.399292
li          -1.468146   0.123501   0.015252  -0.088789   0.136833
lh          -1.099465   0.016203   0.000263  -0.362108   0.349125
ly_l         1.083497   0.041536   0.001725   0.271328   0.437126
lw           0.683019   0.041536   0.001725   0.271328   0.437126
Rk          -3.342442   0.035089   0.001231  -0.599944   1.138518
z           -0.011205   0.031485   0.000991   0.170511   0.259799


CORRELATION OF SIMULATED VARIABLES

VARIABLE     ly      lc      lk      li      lh     ly_l     lw      Rk       z   
ly          1.0000  0.9055  0.8031  0.9074  0.7545  0.9667  0.9667  0.3780  0.9935
lc          0.9055  1.0000  0.9800  0.6433  0.4048  0.9840  0.9840 -0.0505  0.8511
lk          0.8031  0.9800  1.0000  0.4782  0.2149  0.9289  0.9289 -0.2481  0.7297
li          0.9074  0.6433  0.4782  1.0000  0.9605  0.7695  0.7695  0.7321  0.9494
lh          0.7545  0.4048  0.2149  0.9605  1.0000  0.5614  0.5614  0.8928  0.8246
ly_l        0.9667  0.9840  0.9289  0.7695  0.5614  1.0000  1.0000  0.1284  0.9311
lw          0.9667  0.9840  0.9289  0.7695  0.5614  1.0000  1.0000  0.1284  0.9311
Rk          0.3780 -0.0505 -0.2481  0.7321  0.8928  0.1284  0.1284  1.0000  0.4813
z           0.9935  0.8511  0.7297  0.9494  0.8246  0.9311  0.9311  0.4813  1.0000


AUTOCORRELATION OF SIMULATED VARIABLES

VARIABLE      1       2       3       4       5   
ly          0.9606  0.9205  0.8788  0.8413  0.8074
lc          0.9926  0.9837  0.9726  0.9601  0.9465
lk          0.9974  0.9932  0.9866  0.9778  0.9671
li          0.9205  0.8416  0.7617  0.6930  0.6339
lh          0.9037  0.8084  0.7127  0.6311  0.5616
ly_l        0.9823  0.9635  0.9426  0.9222  0.9021
lw          0.9823  0.9635  0.9426  0.9222  0.9021
Rk          0.9070  0.8149  0.7222  0.6431  0.5756
z           0.9496  0.8989  0.8467  0.8006  0.7597
